3 2
4 2
11 2
12 2
38 2
39 2
40 2
41 2
55 2
56 2
57 2
58 2
73 2
86 2
87 2
88 2
89 2
4 3
5 3
10 3
11 3
37 3
42 3
54 3
72 3
73 3
85 3
90 3
5 4
6 4
9 4
10 4
36 4
43 4
53 4
71 4
72 4
73 4
84 4
91 4
6 5
7 5
8 5
9 5
23 5
24 5
36 5
43 5
52 5
70 5
72 5
73 5
84 5
91 5
7 6
8 6
23 6
24 6
36 6
43 6
52 6
69 6
72 6
73 6
84 6
91 6
7 7
8 7
36 7
43 7
52 7
54 7
55 7
56 7
57 7
68 7
72 7
73 7
84 7
91 7
7 8
8 8
36 8
43 8
52 8
53 8
58 8
68 8
72 8
73 8
84 8
91 8
7 9
8 9
23 9
24 9
36 9
43 9
52 9
59 9
68 9
69 9
70 9
71 9
72 9
73 9
74 9
75 9
84 9
91 9
6 10
7 10
8 10
9 10
23 10
24 10
36 10
43 10
52 10
59 10
72 10
73 10
84 10
91 10
5 11
6 11
9 11
10 11
36 11
43 11
52 11
59 11
72 11
73 11
84 11
91 11
4 12
5 12
10 12
11 12
37 12
42 12
53 12
58 12
72 12
73 12
85 12
90 12
3 13
4 13
11 13
12 13
38 13
39 13
40 13
41 13
54 13
55 13
56 13
57 13
72 13
73 13
86 13
87 13
88 13
89 13
3 18
4 18
11 18
12 18
38 18
39 18
40 18
41 18
54 18
55 18
56 18
57 18
71 18
72 18
73 18
74 18
86 18
87 18
88 18
89 18
4 19
5 19
10 19
11 19
37 19
42 19
53 19
58 19
70 19
85 19
90 19
5 20
6 20
9 20
10 20
36 20
43 20
52 20
59 20
69 20
84 20
91 20
6 21
7 21
8 21
9 21
23 21
24 21
36 21
43 21
59 21
68 21
84 21
91 21
7 22
8 22
23 22
24 22
36 22
43 22
59 22
68 22
84 22
91 22
7 23
8 23
36 23
43 23
55 23
56 23
57 23
58 23
68 23
70 23
71 23
72 23
73 23
84 23
91 23
7 24
8 24
36 24
43 24
59 24
68 24
69 24
74 24
84 24
91 24
7 25
8 25
23 25
24 25
36 25
43 25
59 25
68 25
75 25
84 25
91 25
7 26
8 26
23 26
24 26
36 26
43 26
59 26
68 26
75 26
84 26
91 26
7 27
8 27
36 27
43 27
52 27
59 27
68 27
75 27
84 27
91 27
7 28
8 28
37 28
42 28
53 28
58 28
69 28
74 28
85 28
90 28
7 29
8 29
38 29
39 29
40 29
41 29
54 29
55 29
56 29
57 29
70 29
71 29
72 29
73 29
86 29
87 29
88 29
89 29
